30
30
1 6
3 2 4
5 2 3 4
7 2 6 2
3 3 2 2
5 3 2 2
7 2 2 2
2 3 2 6 3 2 2
5 2 1 1 1 1 2 2
7 2 1 3 2
9 2 2 1 5 1
5 2 2 6
7 2 3 2 4
9 2 4 5
1 1 15
1 1 1 6 4
9 13 3
10 8
2 3 9 5
1 12
4 3 6
6 2 1 4 6
8 2 1 2 8
3 1 3 3 2 4 3
2 2 2 2 5 2 2
2 1 2 2 5 2 2
2 2 4 2 2
3 3 4 3 3
8 3 8
6 6
1 1 1 5
1 2 2 2 1 7
2 2 6 2 3 3
17 2 2
14 2 2 2 2
17 4 2
2 2 6 2 3 2
1 2 2 2 8 3
1 1 1 3 1 7
4 2 5
6 1 2 2
9 1 4 2
4 1 2 1 1 3 1
2 1 2 3 1 6
2 1 1 2 1 2 2 2
1 2 4 1 1 1 2 1 4
1 2 1 1 1 4 3 3
1 2 1 2 1 6 5
2 1 2 2 8 3
2 2 1 9 2
2 2 9 5
2 2 1 11 7
1 2 3 11 3
2 5 5 4 2
2 5 2 2 2
3 4 1 1 2 1 2
3 3 1 1 2 2
2 2 2 1 3 3
2 1 2 1 7
2 1 1 1 5