35
25
4 2 2
2 2 1 1 3 2
2 2 2 3 1 4 2
2 4 1 1 1 5 1
1 5 1 1 5 1
2 5 1 1 5 1
1 5 2 1 2 4 1
1 5 1 3 1 4 1
1 5 1 1 1 4 1
1 5 1 1 1 4 1
1 3 2 1 4 4 1
2 3 1 1 1 4 1
1 2 1 1 1 3 1
2 2 10 3 2
1 3 1 1 2 1
2 2 1 6 3 3
4 2 8 2 2 2
1 2 2 6 2 2
1 3 2 5 1 2 3
1 4 1 13
2 15 1
2 4 1
3 6 1 1
5 1 3
1 3 1
1 3 4 1
4 9 1
1 1 1
1 1
1 1 1 1
3 1 1 3
1 1 2 1
2 4
3 5
10
7 5 1
3 3 2 2 3
2 4 4 2 1 1
2 8 4 1 3
2 12 4 2 1
1 15 3 10
1 8 4 2 1 1 2
2 3 4 2 1 1 2 1
2 5 4 3 2 1 2
5 1 2 1 1 1 1
1 1 1 6 1 1 1
1 3 1 6 1 1 1
3 1 2 6 1 1 1
1 1 1 8 1 1
3 1 7 1 1
7 1 4 3 2 2
1 8 5 1 2
5 3 2 1 3
16 3 2 2
15 3 1 3
1 12 2 14
2 9 2 1
2 3 2 1 1
12 2 1 3 3
1 1 1 1